
Day,Susceptible,Infected,Cumulative Infected,Cumulative Infected Residents,Cumulative Infected Staff,Daily Infected,Daily Infected Residents,Daily Infected Staff,Incubating,Transmitting,Symptomatic,Asymptomatic,Recovered,Residents Recovered,Staff Recovered,Dead
0,197,3,2,0,2,2,0,2,3,0,0,0,0,0,0,0
1,197,3,2,0,2,0,0,0,3,0,0,0,0,0,0,0
2,197,3,2,0,2,0,0,0,2,1,0,0,0,0,0,0
3,197,3,2,0,2,0,0,0,2,1,0,0,0,0,0,0
4,197,3,2,0,2,0,0,0,0,3,1,0,0,0,0,0
5,196,4,3,0,3,1,0,1,1,3,1,0,0,0,0,0
6,196,4,3,0,3,0,0,0,1,3,3,0,0,0,0,0
7,196,4,3,0,3,0,0,0,1,3,3,0,0,0,0,0
8,196,4,3,0,3,0,0,0,1,3,3,0,0,0,0,0
9,196,4,3,0,3,0,0,0,0,4,3,0,0,0,0,0
10,196,4,3,0,3,0,0,0,0,4,3,0,0,0,0,0
11,195,5,4,1,3,1,1,0,1,4,3,1,0,0,0,0
12,194,5,5,1,4,1,0,1,2,3,2,1,1,0,1,0
13,192,7,7,1,6,2,0,2,3,4,2,1,1,0,1,0
14,190,7,9,2,7,2,1,1,4,3,0,1,3,0,3,0
15,189,7,9,2,7,0,0,0,3,4,1,1,3,0,3,1
16,190,7,9,2,7,0,0,0,1,6,2,1,3,0,3,1
17,190,7,9,2,7,0,0,0,1,6,2,2,3,0,3,1
18,189,8,10,2,8,1,0,1,1,7,3,3,3,0,3,1
19,188,8,11,3,8,1,1,0,2,6,3,2,4,0,4,1
20,186,10,13,4,9,2,1,1,3,7,3,3,4,0,4,1
21,185,11,14,5,9,1,1,0,3,8,3,3,4,0,4,1
22,182,14,17,8,9,3,3,0,5,9,4,3,4,0,4,1
23,181,14,18,9,9,1,1,0,4,10,4,3,5,1,4,1
24,179,14,20,10,10,2,1,1,5,9,2,4,6,1,5,2
25,179,14,21,10,11,1,0,1,5,9,4,3,7,1,6,2
26,177,15,23,11,12,2,1,1,5,10,5,2,8,1,7,2
27,176,16,24,11,13,1,0,1,5,11,5,3,8,1,7,2
28,175,16,25,12,13,1,1,0,4,12,7,2,9,1,8,2
29,174,17,26,12,14,1,0,1,3,14,8,2,9,1,8,2
30,171,19,29,14,15,3,2,1,6,13,9,2,10,1,9,2
31,171,17,29,14,15,0,0,0,4,13,9,2,11,2,9,3
32,171,17,30,14,16,1,0,1,5,12,9,1,12,3,9,3
33,171,15,30,14,16,0,0,0,3,12,9,1,14,4,10,3
34,171,14,30,14,16,0,0,0,1,13,8,1,15,5,10,3
35,169,15,32,14,18,2,0,2,2,13,10,0,16,6,10,3
36,165,16,35,17,18,3,3,0,5,11,10,0,18,8,10,4
37,163,16,37,19,18,2,2,0,7,9,9,0,19,8,11,6
38,164,16,38,20,18,1,1,0,5,11,8,0,20,8,12,6
39,162,16,40,20,20,2,0,2,5,11,6,0,22,9,13,6
40,160,18,42,20,22,2,0,2,4,14,8,1,22,9,13,6
41,159,18,43,20,23,1,0,1,4,14,9,1,23,9,14,6
42,159,18,43,20,23,0,0,0,2,16,12,1,23,9,14,6
43,157,18,45,20,25,2,0,2,2,16,11,1,25,9,16,6
44,156,17,46,21,25,1,1,0,3,14,11,1,27,11,16,6
45,154,18,48,21,27,2,0,2,5,13,12,1,28,11,17,6
46,154,18,48,21,27,0,0,0,4,14,12,1,28,11,17,6
47,151,21,51,24,27,3,3,0,6,15,12,1,28,11,17,6
48,148,21,54,25,29,3,1,2,7,14,11,0,31,12,19,6
49,147,20,55,25,30,1,0,1,5,15,10,0,33,14,19,6
50,146,17,55,25,30,0,0,0,4,13,8,1,36,17,19,7
51,147,16,55,25,30,0,0,0,2,14,9,2,37,17,20,7
52,147,14,55,25,30,0,0,0,1,13,8,2,39,17,22,7
53,144,15,58,26,32,3,1,2,3,12,8,2,41,17,24,7
54,142,17,60,27,33,2,1,1,5,12,9,2,41,17,24,7
55,138,21,64,30,34,4,3,1,8,13,9,3,41,17,24,7
56,136,22,66,31,35,2,1,1,8,14,8,3,42,17,25,7
57,133,24,69,32,37,3,1,2,9,15,7,4,43,17,26,7
58,132,23,70,33,37,1,1,0,4,19,8,3,45,18,27,7
59,132,20,70,33,37,0,0,0,3,17,8,2,48,20,28,7
60,128,23,74,35,39,4,2,2,4,19,11,4,49,21,28,7
61,125,23,77,35,42,3,0,3,7,16,9,4,51,22,29,8
62,124,24,79,36,43,2,1,1,8,16,9,6,52,22,30,8
63,123,24,80,36,44,1,0,1,7,17,9,5,53,22,31,8
64,122,24,81,36,45,1,0,1,5,19,9,5,53,22,31,9
65,122,24,82,36,46,1,0,1,3,21,11,4,54,22,32,9
66,118,26,86,37,49,4,1,3,6,20,9,7,56,23,33,9
67,117,26,87,37,50,1,0,1,5,21,11,7,57,23,34,9
68,115,23,89,38,51,2,1,1,6,17,9,5,62,26,36,9
69,113,24,91,40,51,2,2,0,5,19,9,6,63,27,36,9
70,113,21,91,40,51,0,0,0,3,18,9,4,66,28,38,9
71,112,22,92,41,51,1,1,0,1,21,12,4,66,28,38,9
72,111,22,93,42,51,1,1,0,2,20,11,6,67,29,38,9
73,108,23,96,44,52,3,2,1,5,18,11,7,69,29,40,9
74,104,24,100,46,54,4,2,2,7,17,11,4,72,30,42,9
75,100,24,104,46,58,4,0,4,11,13,7,4,75,31,44,10
76,100,24,105,47,58,1,1,0,10,14,8,4,76,31,45,10
77,100,22,105,47,58,0,0,0,4,18,7,3,78,31,47,10
78,98,23,107,49,58,2,2,0,3,20,8,3,79,32,47,10
79,95,23,110,52,58,3,3,0,6,17,10,4,82,32,50,10
80,95,21,110,52,58,0,0,0,3,18,12,3,84,32,52,10
81,95,19,110,52,58,0,0,0,3,16,11,2,86,34,52,10
82,93,21,112,52,60,2,0,2,3,18,14,2,86,34,52,10
83,88,26,117,53,64,5,1,4,7,19,14,2,86,34,52,10
84,87,25,118,54,64,1,1,0,7,18,13,3,88,36,52,10
85,87,25,118,54,64,0,0,0,5,20,14,3,88,36,52,10
86,86,24,119,54,65,1,0,1,4,20,13,3,90,38,52,10
87,86,18,119,54,65,0,0,0,1,17,10,2,96,39,57,10
88,81,18,122,55,67,3,1,2,4,14,10,1,99,40,59,12
89,82,19,123,56,67,1,1,0,4,15,11,3,99,40,59,12
90,81,17,125,56,69,2,0,2,6,11,8,3,102,43,59,12
91,81,17,125,56,69,0,0,0,2,15,8,3,102,43,59,12
92,80,16,126,56,70,1,0,1,3,13,7,2,104,45,59,12
93,77,18,128,57,71,2,1,1,4,14,8,5,105,46,59,12
94,77,17,128,57,71,0,0,0,3,14,7,5,106,46,60,12
95,74,18,131,59,72,3,2,1,5,13,6,5,108,47,61,13
96,75,16,131,59,72,0,0,0,5,11,5,5,110,48,62,13
97,76,12,131,59,72,0,0,0,2,10,5,2,113,48,65,13
98,75,13,132,60,72,1,1,0,3,10,5,2,113,48,65,13
99,75,12,132,60,72,0,0,0,1,11,5,4,113,48,65,15
100,75,13,133,61,72,1,1,0,2,11,5,4,113,48,65,15
101,75,10,133,61,72,0,0,0,2,8,6,2,116,49,67,15
102,74,11,134,61,73,1,0,1,1,10,6,2,116,49,67,15
103,74,10,134,61,73,0,0,0,1,9,5,2,117,49,68,15
104,75,9,134,61,73,0,0,0,1,8,6,2,118,49,69,15
105,75,8,134,61,73,0,0,0,0,8,5,2,119,49,70,15
106,74,9,135,61,74,1,0,1,1,8,5,2,119,49,70,15
107,73,6,135,61,74,0,0,0,1,5,5,0,122,50,72,15
108,73,5,135,61,74,0,0,0,0,5,4,0,122,50,72,16
109,74,3,135,61,74,0,0,0,0,3,2,0,124,52,72,16
110,74,3,135,61,74,0,0,0,0,3,3,0,124,52,72,16
111,75,3,135,61,74,0,0,0,0,3,3,0,124,52,72,16
112,75,2,135,61,74,0,0,0,0,2,2,0,125,53,72,16
113,75,2,135,61,74,0,0,0,0,2,2,0,125,53,72,16
114,74,2,135,61,74,0,0,0,0,2,2,0,125,53,72,16
115,74,1,135,61,74,0,0,0,0,1,1,0,126,53,73,16
116,74,1,135,61,74,0,0,0,0,1,1,0,126,53,73,16
117,74,1,135,61,74,0,0,0,0,1,1,0,126,53,73,16
118,75,0,135,61,74,0,0,0,0,0,0,0,127,53,74,16
119,75,0,135,61,74,0,0,0,0,0,0,0,127,53,74,16
120,75,0,135,61,74,0,0,0,0,0,0,0,127,53,74,16
121,74,0,135,61,74,0,0,0,0,0,0,0,127,53,74,16
122,74,0,135,61,74,0,0,0,0,0,0,0,127,53,74,16
123,74,0,135,61,74,0,0,0,0,0,0,0,127,53,74,16
124,74,0,135,61,74,0,0,0,0,0,0,0,127,53,74,16
125,75,0,135,61,74,0,0,0,0,0,0,0,127,53,74,16
126,75,0,135,61,74,0,0,0,0,0,0,0,127,53,74,16
127,75,0,135,61,74,0,0,0,0,0,0,0,127,53,74,16
128,74,0,135,61,74,0,0,0,0,0,0,0,127,53,74,16
129,74,0,135,61,74,0,0,0,0,0,0,0,127,53,74,16
130,74,0,135,61,74,0,0,0,0,0,0,0,127,53,74,16
131,74,0,135,61,74,0,0,0,0,0,0,0,127,53,74,16
132,75,0,135,61,74,0,0,0,0,0,0,0,127,53,74,16
133,75,0,135,61,74,0,0,0,0,0,0,0,127,53,74,16
134,75,0,135,61,74,0,0,0,0,0,0,0,127,53,74,16
135,74,0,135,61,74,0,0,0,0,0,0,0,127,53,74,16
136,74,0,135,61,74,0,0,0,0,0,0,0,127,53,74,16
137,74,0,135,61,74,0,0,0,0,0,0,0,127,53,74,16
138,73,0,135,61,74,0,0,0,0,0,0,0,127,53,74,17
139,75,0,135,61,74,0,0,0,0,0,0,0,127,53,74,17
140,75,0,135,61,74,0,0,0,0,0,0,0,127,53,74,17
141,75,0,135,61,74,0,0,0,0,0,0,0,127,53,74,17
142,74,0,135,61,74,0,0,0,0,0,0,0,127,53,74,17
143,74,0,135,61,74,0,0,0,0,0,0,0,127,53,74,18
144,75,0,135,61,74,0,0,0,0,0,0,0,127,53,74,18
145,75,0,135,61,74,0,0,0,0,0,0,0,127,53,74,18
146,76,0,135,61,74,0,0,0,0,0,0,0,127,53,74,19
147,77,0,135,61,74,0,0,0,0,0,0,0,127,53,74,19
148,77,0,135,61,74,0,0,0,0,0,0,0,127,53,74,19
149,76,0,135,61,74,0,0,0,0,0,0,0,127,53,74,19
150,76,0,135,61,74,0,0,0,0,0,0,0,127,53,74,19
151,76,0,135,61,74,0,0,0,0,0,0,0,127,53,74,19
152,76,0,135,61,74,0,0,0,0,0,0,0,127,53,74,19
153,76,0,135,61,74,0,0,0,0,0,0,0,127,53,74,20
154,77,0,135,61,74,0,0,0,0,0,0,0,127,53,74,20
155,77,0,135,61,74,0,0,0,0,0,0,0,127,53,74,20
156,76,0,135,61,74,0,0,0,0,0,0,0,127,53,74,20
157,76,0,135,61,74,0,0,0,0,0,0,0,127,53,74,20
158,76,0,135,61,74,0,0,0,0,0,0,0,127,53,74,20
159,76,0,135,61,74,0,0,0,0,0,0,0,127,53,74,20
160,77,0,135,61,74,0,0,0,0,0,0,0,127,53,74,20
161,77,0,135,61,74,0,0,0,0,0,0,0,127,53,74,20
162,77,0,135,61,74,0,0,0,0,0,0,0,127,53,74,20
163,76,0,135,61,74,0,0,0,0,0,0,0,127,53,74,20
164,76,0,135,61,74,0,0,0,0,0,0,0,127,53,74,20
165,76,0,135,61,74,0,0,0,0,0,0,0,127,53,74,20
166,76,0,135,61,74,0,0,0,0,0,0,0,127,53,74,20
167,77,0,135,61,74,0,0,0,0,0,0,0,127,53,74,20
168,77,0,135,61,74,0,0,0,0,0,0,0,127,53,74,20
169,77,0,135,61,74,0,0,0,0,0,0,0,127,53,74,20
170,76,0,135,61,74,0,0,0,0,0,0,0,127,53,74,20
171,76,0,135,61,74,0,0,0,0,0,0,0,127,53,74,20
172,76,0,135,61,74,0,0,0,0,0,0,0,127,53,74,20
173,76,0,135,61,74,0,0,0,0,0,0,0,127,53,74,20
174,77,0,135,61,74,0,0,0,0,0,0,0,127,53,74,20
175,77,0,135,61,74,0,0,0,0,0,0,0,127,53,74,20
176,77,0,135,61,74,0,0,0,0,0,0,0,127,53,74,20
177,76,0,135,61,74,0,0,0,0,0,0,0,127,53,74,20
178,76,0,135,61,74,0,0,0,0,0,0,0,127,53,74,20
179,76,0,135,61,74,0,0,0,0,0,0,0,127,53,74,20
