
Day,Susceptible,Infected,Cumulative Infected,Cumulative Infected Residents,Cumulative Infected Staff,Daily Infected,Daily Infected Residents,Daily Infected Staff,Incubating,Transmitting,Symptomatic,Asymptomatic,Recovered,Residents Recovered,Staff Recovered,Dead
0,195,5,5,0,5,5,0,5,5,0,0,0,0,0,0,0
1,195,5,5,0,5,0,0,0,5,0,0,0,0,0,0,0
2,194,5,5,0,5,0,0,0,3,2,0,0,0,0,0,1
3,194,6,6,1,5,1,1,0,2,4,0,0,0,0,0,1
4,193,6,6,1,5,0,0,0,1,5,1,1,0,0,0,2
5,193,7,7,2,5,1,1,0,1,6,2,2,0,0,0,2
6,192,8,8,3,5,1,1,0,2,6,3,2,0,0,0,2
7,190,10,10,4,6,2,1,1,4,6,3,3,0,0,0,2
8,190,10,10,4,6,0,0,0,3,7,3,3,0,0,0,2
9,189,11,11,4,7,1,0,1,2,9,3,3,0,0,0,2
10,188,12,12,5,7,1,1,0,3,9,4,3,0,0,0,2
11,187,13,13,6,7,1,1,0,3,10,6,3,0,0,0,2
12,185,13,15,6,9,2,0,2,4,9,5,2,2,0,2,2
13,182,13,17,6,11,2,0,2,4,9,5,1,4,0,4,3
14,182,13,18,6,12,1,0,1,4,9,5,1,5,0,5,3
15,180,13,19,7,12,1,1,0,3,10,7,0,6,1,5,4
16,180,14,20,8,12,1,1,0,3,11,8,0,6,1,5,4
17,179,15,21,9,12,1,1,0,2,13,8,2,6,1,5,4
18,177,15,23,10,13,2,1,1,4,11,7,2,7,2,5,5
19,175,16,26,10,16,3,0,3,7,9,6,3,9,4,5,5
20,174,17,27,11,16,1,1,0,6,11,6,3,9,4,5,5
21,171,18,29,11,18,2,0,2,7,11,5,3,10,4,6,6
22,167,23,34,15,19,5,4,1,10,13,6,4,10,4,6,6
23,165,23,36,15,21,2,0,2,9,14,5,4,12,5,7,6
24,163,24,38,16,22,2,1,1,8,16,4,6,13,5,8,6
25,161,24,40,18,22,2,2,0,9,15,5,6,15,5,10,6
26,158,26,43,19,24,3,1,2,8,18,7,6,16,5,11,6
27,154,28,47,19,28,4,0,4,9,19,7,5,18,6,12,6
28,154,28,47,19,28,0,0,0,6,22,11,5,18,6,12,6
29,153,28,48,19,29,1,0,1,6,22,12,6,18,6,12,7
30,154,26,48,19,29,0,0,0,3,23,13,6,20,8,12,7
31,152,27,49,20,29,1,1,0,1,26,14,6,20,8,12,8
32,150,28,52,21,31,3,1,2,4,24,16,5,22,8,14,8
33,147,28,55,24,31,3,3,0,6,22,18,3,25,8,17,8
34,143,28,58,27,31,3,3,0,7,21,15,3,28,10,18,9
35,143,28,59,28,31,1,1,0,8,20,14,4,29,11,18,9
36,140,27,62,28,34,3,0,3,6,21,12,4,33,14,19,9
37,136,28,66,31,35,4,3,1,9,19,10,3,36,14,22,9
38,134,27,68,31,37,2,0,2,10,17,13,2,39,16,23,9
39,133,27,69,32,37,1,1,0,6,21,13,2,40,17,23,9
40,129,28,73,32,41,4,0,4,6,22,11,2,43,17,26,9
41,127,27,75,33,42,2,1,1,6,21,11,4,46,17,29,9
42,125,29,77,34,43,2,1,1,7,22,14,5,46,17,29,9
43,123,29,78,34,44,1,0,1,6,23,16,4,47,18,29,10
44,120,31,82,35,47,4,1,3,7,24,15,4,49,19,30,10
45,119,32,83,35,48,1,0,1,6,26,16,5,49,19,30,10
46,115,31,87,36,51,4,1,3,9,22,13,6,54,23,31,10
47,111,34,91,38,53,4,2,2,10,24,13,7,55,24,31,10
48,109,35,93,40,53,2,2,0,10,25,13,7,56,25,31,10
49,108,31,94,40,54,1,0,1,8,23,11,7,61,28,33,10
50,103,32,99,41,58,5,1,4,7,25,10,6,65,28,37,10
51,102,31,100,41,59,1,0,1,7,24,11,6,67,30,37,10
52,100,32,102,42,60,2,1,1,7,25,15,7,68,30,38,10
53,99,31,103,43,60,1,1,0,5,26,14,7,70,30,40,10
54,96,31,106,45,61,3,2,1,7,24,13,7,73,32,41,10
55,95,30,107,46,61,1,1,0,7,23,14,7,75,32,43,10
56,93,31,109,46,63,2,0,2,5,26,15,6,76,32,44,10
57,92,29,110,46,64,1,0,1,5,24,15,4,79,32,47,10
58,91,28,111,46,65,1,0,1,3,25,17,4,81,33,48,10
59,91,25,111,46,65,0,0,0,3,22,15,4,84,34,50,11
60,92,19,111,46,65,0,0,0,1,18,13,3,90,38,52,11
61,88,22,115,47,68,4,1,3,5,17,13,2,91,38,53,11
62,88,20,115,47,68,0,0,0,4,16,13,2,93,38,55,11
63,86,19,117,49,68,2,2,0,4,15,11,1,96,38,58,11
64,85,19,118,49,69,1,0,1,3,16,11,1,97,39,58,11
65,82,21,121,50,71,3,1,2,4,17,12,1,98,39,59,11
66,80,19,123,52,71,2,2,0,5,14,8,3,102,42,60,11
67,79,19,124,53,71,1,1,0,6,13,8,4,103,42,61,11
68,79,16,124,53,71,0,0,0,3,13,5,5,106,44,62,11
69,77,18,126,54,72,2,1,1,3,15,5,5,106,44,62,12
70,75,19,129,56,73,3,2,1,6,13,7,4,108,44,64,12
71,75,19,129,56,73,0,0,0,4,15,8,5,108,44,64,12
72,75,18,129,56,73,0,0,0,0,18,7,5,109,44,65,12
73,73,18,131,58,73,2,2,0,2,16,7,5,111,45,66,12
74,73,16,131,58,73,0,0,0,2,14,9,5,113,45,68,12
75,72,15,132,58,74,1,0,1,3,12,8,4,115,47,68,12
76,71,15,133,58,75,1,0,1,2,13,8,3,116,47,69,12
77,71,15,133,58,75,0,0,0,2,13,8,3,116,47,69,12
78,71,12,133,58,75,0,0,0,1,11,7,3,119,49,70,12
79,71,10,133,58,75,0,0,0,0,10,6,2,121,50,71,12
80,70,11,134,58,76,1,0,1,1,10,7,2,121,50,71,12
81,70,9,134,58,76,0,0,0,1,8,5,3,123,52,71,12
82,70,5,134,58,76,0,0,0,1,4,3,1,127,54,73,12
83,70,5,134,58,76,0,0,0,0,5,3,1,127,54,73,12
84,70,5,134,58,76,0,0,0,0,5,3,1,127,54,73,12
85,69,6,135,59,76,1,1,0,1,5,4,1,127,54,73,12
86,69,4,135,59,76,0,0,0,1,3,2,1,129,56,73,12
87,69,4,135,59,76,0,0,0,0,4,2,1,129,56,73,12
88,69,3,135,59,76,0,0,0,0,3,1,1,130,56,74,12
89,68,3,136,60,76,1,1,0,1,2,2,0,131,56,75,12
90,68,3,136,60,76,0,0,0,1,2,2,0,131,56,75,12
91,68,3,136,60,76,0,0,0,0,3,2,0,131,56,75,12
92,68,3,136,60,76,0,0,0,0,3,2,0,131,56,75,12
93,68,2,136,60,76,0,0,0,0,2,2,0,132,56,76,12
94,68,2,136,60,76,0,0,0,0,2,2,0,132,56,76,12
95,68,2,136,60,76,0,0,0,0,2,2,0,132,56,76,12
96,68,2,136,60,76,0,0,0,0,2,2,0,132,56,76,12
97,68,1,136,60,76,0,0,0,0,1,1,0,133,57,76,12
98,68,1,136,60,76,0,0,0,0,1,1,0,133,57,76,12
99,67,1,136,60,76,0,0,0,0,1,1,0,133,57,76,13
100,68,1,136,60,76,0,0,0,0,1,1,0,133,57,76,13
101,68,0,136,60,76,0,0,0,0,0,0,0,134,58,76,13
102,68,0,136,60,76,0,0,0,0,0,0,0,134,58,76,13
103,68,0,136,60,76,0,0,0,0,0,0,0,134,58,76,13
104,68,0,136,60,76,0,0,0,0,0,0,0,134,58,76,13
105,68,0,136,60,76,0,0,0,0,0,0,0,134,58,76,13
106,68,0,136,60,76,0,0,0,0,0,0,0,134,58,76,13
107,68,0,136,60,76,0,0,0,0,0,0,0,134,58,76,13
108,68,0,136,60,76,0,0,0,0,0,0,0,134,58,76,13
109,68,0,136,60,76,0,0,0,0,0,0,0,134,58,76,13
110,68,0,136,60,76,0,0,0,0,0,0,0,134,58,76,13
111,68,0,136,60,76,0,0,0,0,0,0,0,134,58,76,13
112,68,0,136,60,76,0,0,0,0,0,0,0,134,58,76,13
113,68,0,136,60,76,0,0,0,0,0,0,0,134,58,76,13
114,68,0,136,60,76,0,0,0,0,0,0,0,134,58,76,13
115,68,0,136,60,76,0,0,0,0,0,0,0,134,58,76,13
116,68,0,136,60,76,0,0,0,0,0,0,0,134,58,76,13
117,67,0,136,60,76,0,0,0,0,0,0,0,134,58,76,14
118,68,0,136,60,76,0,0,0,0,0,0,0,134,58,76,15
119,69,0,136,60,76,0,0,0,0,0,0,0,134,58,76,15
120,68,0,136,60,76,0,0,0,0,0,0,0,134,58,76,16
121,69,0,136,60,76,0,0,0,0,0,0,0,134,58,76,17
122,70,0,136,60,76,0,0,0,0,0,0,0,134,58,76,17
123,70,0,136,60,76,0,0,0,0,0,0,0,134,58,76,17
124,70,0,136,60,76,0,0,0,0,0,0,0,134,58,76,17
125,70,0,136,60,76,0,0,0,0,0,0,0,134,58,76,17
126,70,0,136,60,76,0,0,0,0,0,0,0,134,58,76,17
127,70,0,136,60,76,0,0,0,0,0,0,0,134,58,76,17
128,70,0,136,60,76,0,0,0,0,0,0,0,134,58,76,17
129,70,0,136,60,76,0,0,0,0,0,0,0,134,58,76,17
130,70,0,136,60,76,0,0,0,0,0,0,0,134,58,76,17
131,70,0,136,60,76,0,0,0,0,0,0,0,134,58,76,17
132,70,0,136,60,76,0,0,0,0,0,0,0,134,58,76,17
133,70,0,136,60,76,0,0,0,0,0,0,0,134,58,76,17
134,70,0,136,60,76,0,0,0,0,0,0,0,134,58,76,17
135,70,0,136,60,76,0,0,0,0,0,0,0,134,58,76,17
136,70,0,136,60,76,0,0,0,0,0,0,0,134,58,76,17
137,70,0,136,60,76,0,0,0,0,0,0,0,134,58,76,17
138,70,0,136,60,76,0,0,0,0,0,0,0,134,58,76,17
139,70,0,136,60,76,0,0,0,0,0,0,0,134,58,76,17
140,70,0,136,60,76,0,0,0,0,0,0,0,134,58,76,17
141,70,0,136,60,76,0,0,0,0,0,0,0,134,58,76,17
142,70,0,136,60,76,0,0,0,0,0,0,0,134,58,76,17
143,70,0,136,60,76,0,0,0,0,0,0,0,134,58,76,17
144,70,0,136,60,76,0,0,0,0,0,0,0,134,58,76,17
145,70,0,136,60,76,0,0,0,0,0,0,0,134,58,76,17
146,69,0,136,60,76,0,0,0,0,0,0,0,134,58,76,18
147,70,0,136,60,76,0,0,0,0,0,0,0,134,58,76,18
148,70,0,136,60,76,0,0,0,0,0,0,0,134,58,76,18
149,70,0,136,60,76,0,0,0,0,0,0,0,134,58,76,18
150,70,0,136,60,76,0,0,0,0,0,0,0,134,58,76,19
151,71,0,136,60,76,0,0,0,0,0,0,0,134,58,76,19
152,71,0,136,60,76,0,0,0,0,0,0,0,134,58,76,20
153,72,0,136,60,76,0,0,0,0,0,0,0,134,58,76,20
154,72,0,136,60,76,0,0,0,0,0,0,0,134,58,76,20
155,71,0,136,60,76,0,0,0,0,0,0,0,134,58,76,21
156,72,0,136,60,76,0,0,0,0,0,0,0,134,58,76,21
157,71,0,136,60,76,0,0,0,0,0,0,0,134,58,76,22
158,72,0,136,60,76,0,0,0,0,0,0,0,134,58,76,22
159,72,0,136,60,76,0,0,0,0,0,0,0,134,58,76,22
160,72,0,136,60,76,0,0,0,0,0,0,0,134,58,76,22
161,72,0,136,60,76,0,0,0,0,0,0,0,134,58,76,22
162,72,0,136,60,76,0,0,0,0,0,0,0,134,58,76,22
163,72,0,136,60,76,0,0,0,0,0,0,0,134,58,76,22
164,72,0,136,60,76,0,0,0,0,0,0,0,134,58,76,22
165,72,0,136,60,76,0,0,0,0,0,0,0,134,58,76,22
166,72,0,136,60,76,0,0,0,0,0,0,0,134,58,76,22
167,72,0,136,60,76,0,0,0,0,0,0,0,134,58,76,22
168,72,0,136,60,76,0,0,0,0,0,0,0,134,58,76,22
169,72,0,136,60,76,0,0,0,0,0,0,0,134,58,76,22
170,72,0,136,60,76,0,0,0,0,0,0,0,134,58,76,22
171,72,0,136,60,76,0,0,0,0,0,0,0,134,58,76,22
172,72,0,136,60,76,0,0,0,0,0,0,0,134,58,76,22
173,72,0,136,60,76,0,0,0,0,0,0,0,134,58,76,22
174,72,0,136,60,76,0,0,0,0,0,0,0,134,58,76,22
175,72,0,136,60,76,0,0,0,0,0,0,0,134,58,76,22
176,72,0,136,60,76,0,0,0,0,0,0,0,134,58,76,22
177,72,0,136,60,76,0,0,0,0,0,0,0,134,58,76,22
178,72,0,136,60,76,0,0,0,0,0,0,0,134,58,76,22
179,72,0,136,60,76,0,0,0,0,0,0,0,134,58,76,22
