
Day,Susceptible,Infected,Cumulative Infected,Cumulative Infected Residents,Cumulative Infected Staff,Daily Infected,Daily Infected Residents,Daily Infected Staff,Incubating,Transmitting,Symptomatic,Asymptomatic,Recovered,Residents Recovered,Staff Recovered,Dead
0,196,4,3,0,3,3,0,3,4,0,0,0,0,0,0,0
1,196,4,3,0,3,0,0,0,4,0,0,0,0,0,0,0
2,196,4,3,0,3,0,0,0,2,2,0,0,0,0,0,0
3,195,4,3,0,3,0,0,0,1,3,0,0,0,0,0,1
4,194,6,5,1,4,2,1,1,2,4,1,1,0,0,0,1
5,193,7,6,1,5,1,0,1,3,4,1,2,0,0,0,1
6,193,7,6,1,5,0,0,0,2,5,1,3,0,0,0,1
7,191,8,7,1,6,1,0,1,1,7,1,3,0,0,0,2
8,192,8,7,1,6,0,0,0,1,7,2,3,0,0,0,2
9,191,9,8,2,6,1,1,0,1,8,3,4,0,0,0,2
10,188,12,11,4,7,3,2,1,4,8,3,4,0,0,0,2
11,187,13,12,5,7,1,1,0,5,8,3,5,0,0,0,2
12,186,12,13,6,7,1,1,0,4,8,2,4,2,0,2,2
13,186,11,13,6,7,0,0,0,2,9,2,3,3,0,3,2
14,184,12,15,7,8,2,1,1,3,9,3,3,4,0,4,2
15,183,13,16,7,9,1,0,1,4,9,4,4,4,0,4,2
16,181,14,18,7,11,2,0,2,3,11,4,4,5,1,4,2
17,179,14,20,7,13,2,0,2,5,9,3,3,7,1,6,2
18,177,16,22,7,15,2,0,2,6,10,6,3,7,1,6,2
19,174,18,25,7,18,3,0,3,6,12,6,2,8,1,7,2
20,173,18,25,7,18,0,0,0,5,13,7,2,8,1,7,3
21,171,21,28,9,19,3,2,1,5,16,10,2,8,1,7,3
22,168,22,31,10,21,3,1,2,6,16,9,2,10,2,8,3
23,164,24,35,12,23,4,2,2,8,16,10,2,12,4,8,3
24,161,26,38,13,25,3,1,2,9,17,10,3,13,5,8,3
25,158,29,41,15,26,3,2,1,9,20,11,4,13,5,8,3
26,155,29,44,17,27,3,2,1,7,22,10,4,16,7,9,3
27,155,29,44,17,27,0,0,0,7,22,11,6,16,7,9,3
28,152,31,47,19,28,3,2,1,8,23,15,6,17,7,10,3
29,149,31,50,19,31,3,0,3,8,23,12,6,20,7,13,3
30,147,32,52,20,32,2,1,1,6,26,13,6,21,7,14,3
31,144,32,55,20,35,3,0,3,9,23,12,7,24,7,17,3
32,140,33,58,20,38,3,0,3,10,23,13,8,26,7,19,4
33,140,32,59,20,39,1,0,1,7,25,12,7,28,9,19,4
34,139,31,60,21,39,1,1,0,5,26,11,8,30,9,21,4
35,138,29,61,22,39,1,1,0,2,27,14,6,33,10,23,4
36,138,24,61,22,39,0,0,0,1,23,12,6,38,12,26,4
37,134,27,64,23,41,3,1,2,4,23,14,8,38,12,26,5
38,135,24,64,23,41,0,0,0,3,21,13,7,40,14,26,6
39,132,26,68,26,42,4,3,1,5,21,13,5,42,15,27,6
40,126,28,74,29,45,6,3,3,10,18,12,3,46,17,29,6
41,123,31,77,30,47,3,1,2,13,18,14,3,46,17,29,6
42,120,32,80,30,50,3,0,3,14,18,13,3,48,19,29,6
43,118,30,82,30,52,2,0,2,9,21,9,3,52,19,33,7
44,117,29,84,31,53,2,1,1,7,22,8,3,55,19,36,7
45,116,25,85,31,54,1,0,1,5,20,10,3,59,19,40,8
46,114,26,87,33,54,2,2,0,6,20,12,4,60,20,40,9
47,114,27,88,34,54,1,1,0,3,24,15,4,60,20,40,9
48,112,27,90,36,54,2,2,0,4,23,14,4,61,21,40,10
49,112,27,91,37,54,1,1,0,5,22,14,7,62,21,41,10
50,112,26,91,37,54,0,0,0,2,24,15,6,63,21,42,10
51,108,30,95,38,57,4,1,3,5,25,15,6,63,21,42,10
52,105,30,97,39,58,2,1,1,6,24,16,6,65,22,43,11
53,104,24,99,40,59,2,1,1,7,17,11,4,72,27,45,12
54,102,24,102,42,60,3,2,1,8,16,10,3,75,27,48,12
55,101,22,103,42,61,1,0,1,5,17,7,4,78,27,51,12
56,101,21,103,42,61,0,0,0,4,17,7,5,79,27,52,12
57,99,17,103,42,61,0,0,0,2,15,8,4,83,28,55,14
58,101,17,103,42,61,0,0,0,0,17,9,4,83,28,55,14
59,99,18,104,43,61,1,1,0,1,17,11,4,83,28,55,15
60,98,16,106,43,63,2,0,2,3,13,8,5,86,31,55,16
61,98,16,107,43,64,1,0,1,4,12,7,5,87,32,55,16
62,98,15,107,43,64,0,0,0,3,12,6,5,88,33,55,17
63,98,15,108,44,64,1,1,0,3,12,6,4,89,33,56,17
64,98,13,108,44,64,0,0,0,2,11,6,3,91,34,57,17
65,97,10,109,45,64,1,1,0,2,8,4,2,95,35,60,17
66,95,11,111,46,65,2,1,1,3,8,3,3,96,35,61,17
67,91,13,114,48,66,3,2,1,5,8,3,3,97,36,61,18
68,91,12,115,48,67,1,0,1,5,7,3,2,99,37,62,18
69,91,12,115,48,67,0,0,0,3,9,4,2,99,37,62,18
70,91,12,115,48,67,0,0,0,3,9,5,2,99,37,62,18
71,89,14,117,49,68,2,1,1,3,11,6,3,99,37,62,18
72,89,13,117,49,68,0,0,0,2,11,5,3,100,37,63,18
73,88,13,118,49,69,1,0,1,2,11,7,2,101,38,63,18
74,88,12,118,49,69,0,0,0,1,11,8,1,102,38,64,18
75,87,11,119,50,69,1,1,0,1,10,7,1,103,38,65,19
76,88,11,119,50,69,0,0,0,1,10,8,1,103,38,65,19
77,87,10,119,50,69,0,0,0,1,9,7,2,104,39,65,20
78,88,9,119,50,69,0,0,0,0,9,6,2,105,40,65,20
79,86,8,120,51,69,1,1,0,1,7,5,1,107,40,67,21
80,86,9,121,52,69,1,1,0,2,7,6,1,107,40,67,21
81,86,7,121,52,69,0,0,0,1,6,4,1,109,42,67,21
82,85,7,122,53,69,1,1,0,2,5,3,1,110,42,68,21
83,85,6,122,53,69,0,0,0,1,5,3,1,111,42,69,21
84,83,7,124,54,70,2,1,1,2,5,2,1,112,43,69,21
85,82,7,125,54,71,1,0,1,3,4,2,1,113,43,70,21
86,82,7,125,54,71,0,0,0,3,4,3,1,113,43,70,21
87,81,8,126,54,72,1,0,1,2,6,3,1,113,43,70,21
88,81,7,126,54,72,0,0,0,1,6,2,1,114,44,70,21
89,80,8,127,55,72,1,1,0,2,6,4,1,114,44,70,21
90,79,8,128,56,72,1,1,0,3,5,4,1,114,44,70,22
91,80,8,128,56,72,0,0,0,2,6,4,1,114,44,70,22
92,80,8,128,56,72,0,0,0,0,8,4,1,114,44,70,22
93,78,8,130,56,74,2,0,2,2,6,4,0,115,45,70,23
94,79,7,130,56,74,0,0,0,2,5,5,0,116,46,70,23
95,78,8,131,57,74,1,1,0,2,6,5,0,116,46,70,23
96,78,8,131,57,74,0,0,0,1,7,5,0,116,46,70,23
97,75,10,134,59,75,3,2,1,4,6,5,0,117,46,71,23
98,74,10,135,59,76,1,0,1,4,6,4,1,118,46,72,23
99,74,10,135,59,76,0,0,0,2,8,4,1,118,46,72,23
100,74,10,135,59,76,0,0,0,1,9,4,2,118,46,72,23
101,74,9,135,59,76,0,0,0,0,9,5,2,119,46,73,23
102,71,9,137,60,77,2,1,1,2,7,4,2,121,48,73,24
103,72,9,137,60,77,0,0,0,2,7,5,2,121,48,73,24
104,72,9,137,60,77,0,0,0,1,8,5,2,121,48,73,24
105,72,8,137,60,77,0,0,0,0,8,4,2,122,48,74,24
106,70,9,139,61,78,2,1,1,2,7,4,2,123,48,75,24
107,70,9,139,61,78,0,0,0,2,7,5,2,123,48,75,24
108,70,8,139,61,78,0,0,0,2,6,5,1,124,49,75,24
109,70,6,139,61,78,0,0,0,0,6,3,1,126,50,76,24
110,70,5,139,61,78,0,0,0,0,5,2,1,127,50,77,24
111,70,4,139,61,78,0,0,0,0,4,2,2,128,51,77,24
112,70,4,139,61,78,0,0,0,0,4,2,2,128,51,77,24
113,70,4,139,61,78,0,0,0,0,4,2,2,128,51,77,24
114,70,2,139,61,78,0,0,0,0,2,1,1,129,51,78,25
115,71,2,139,61,78,0,0,0,0,2,1,1,129,51,78,25
116,71,2,139,61,78,0,0,0,0,2,1,1,129,51,78,25
117,71,2,139,61,78,0,0,0,0,2,1,1,129,51,78,25
118,71,2,139,61,78,0,0,0,0,2,1,1,129,51,78,25
119,71,0,139,61,78,0,0,0,0,0,0,0,131,52,79,25
120,71,0,139,61,78,0,0,0,0,0,0,0,131,52,79,26
121,72,0,139,61,78,0,0,0,0,0,0,0,131,52,79,26
122,72,0,139,61,78,0,0,0,0,0,0,0,131,52,79,26
123,72,0,139,61,78,0,0,0,0,0,0,0,131,52,79,26
124,72,0,139,61,78,0,0,0,0,0,0,0,131,52,79,26
125,72,0,139,61,78,0,0,0,0,0,0,0,131,52,79,26
126,72,0,139,61,78,0,0,0,0,0,0,0,131,52,79,26
127,72,0,139,61,78,0,0,0,0,0,0,0,131,52,79,26
128,72,0,139,61,78,0,0,0,0,0,0,0,131,52,79,26
129,72,0,139,61,78,0,0,0,0,0,0,0,131,52,79,27
130,72,0,139,61,78,0,0,0,0,0,0,0,131,52,79,28
131,73,0,139,61,78,0,0,0,0,0,0,0,131,52,79,28
132,72,0,139,61,78,0,0,0,0,0,0,0,131,52,79,29
133,73,0,139,61,78,0,0,0,0,0,0,0,131,52,79,29
134,73,0,139,61,78,0,0,0,0,0,0,0,131,52,79,29
135,73,0,139,61,78,0,0,0,0,0,0,0,131,52,79,29
136,72,0,139,61,78,0,0,0,0,0,0,0,131,52,79,30
137,73,0,139,61,78,0,0,0,0,0,0,0,131,52,79,30
138,73,0,139,61,78,0,0,0,0,0,0,0,131,52,79,30
139,73,0,139,61,78,0,0,0,0,0,0,0,131,52,79,30
140,73,0,139,61,78,0,0,0,0,0,0,0,131,52,79,30
141,73,0,139,61,78,0,0,0,0,0,0,0,131,52,79,31
142,74,0,139,61,78,0,0,0,0,0,0,0,131,52,79,31
143,74,0,139,61,78,0,0,0,0,0,0,0,131,52,79,31
144,74,0,139,61,78,0,0,0,0,0,0,0,131,52,79,31
145,74,0,139,61,78,0,0,0,0,0,0,0,131,52,79,31
146,74,0,139,61,78,0,0,0,0,0,0,0,131,52,79,31
147,73,0,139,61,78,0,0,0,0,0,0,0,131,52,79,32
148,74,0,139,61,78,0,0,0,0,0,0,0,131,52,79,32
149,74,0,139,61,78,0,0,0,0,0,0,0,131,52,79,32
150,74,0,139,61,78,0,0,0,0,0,0,0,131,52,79,32
151,74,0,139,61,78,0,0,0,0,0,0,0,131,52,79,32
152,74,0,139,61,78,0,0,0,0,0,0,0,131,52,79,32
153,73,0,139,61,78,0,0,0,0,0,0,0,131,52,79,33
154,74,0,139,61,78,0,0,0,0,0,0,0,131,52,79,33
155,73,0,139,61,78,0,0,0,0,0,0,0,131,52,79,34
156,74,0,139,61,78,0,0,0,0,0,0,0,131,52,79,34
157,74,0,139,61,78,0,0,0,0,0,0,0,131,52,79,34
158,73,0,139,61,78,0,0,0,0,0,0,0,131,52,79,35
159,74,0,139,61,78,0,0,0,0,0,0,0,131,52,79,35
160,74,0,139,61,78,0,0,0,0,0,0,0,131,52,79,35
161,74,0,139,61,78,0,0,0,0,0,0,0,131,52,79,35
162,74,0,139,61,78,0,0,0,0,0,0,0,131,52,79,35
163,74,0,139,61,78,0,0,0,0,0,0,0,131,52,79,35
164,74,0,139,61,78,0,0,0,0,0,0,0,131,52,79,35
165,74,0,139,61,78,0,0,0,0,0,0,0,131,52,79,35
166,74,0,139,61,78,0,0,0,0,0,0,0,131,52,79,35
167,74,0,139,61,78,0,0,0,0,0,0,0,131,52,79,35
168,74,0,139,61,78,0,0,0,0,0,0,0,131,52,79,35
169,74,0,139,61,78,0,0,0,0,0,0,0,131,52,79,35
170,74,0,139,61,78,0,0,0,0,0,0,0,131,52,79,35
171,74,0,139,61,78,0,0,0,0,0,0,0,131,52,79,35
172,74,0,139,61,78,0,0,0,0,0,0,0,131,52,79,35
173,74,0,139,61,78,0,0,0,0,0,0,0,131,52,79,35
174,73,0,139,61,78,0,0,0,0,0,0,0,131,52,79,36
175,74,0,139,61,78,0,0,0,0,0,0,0,131,52,79,36
176,74,0,139,61,78,0,0,0,0,0,0,0,131,52,79,36
177,74,0,139,61,78,0,0,0,0,0,0,0,131,52,79,36
178,74,0,139,61,78,0,0,0,0,0,0,0,131,52,79,36
179,74,0,139,61,78,0,0,0,0,0,0,0,131,52,79,36
