
Day,Susceptible,Infected,Cumulative Infected,Cumulative Infected Residents,Cumulative Infected Staff,Daily Infected,Daily Infected Residents,Daily Infected Staff,Incubating,Transmitting,Symptomatic,Asymptomatic,Recovered,Residents Recovered,Staff Recovered,Dead
0,198,2,0,0,0,0,0,0,2,0,0,0,0,0,0,0
1,198,1,0,0,0,0,0,0,1,0,0,0,0,0,0,1
2,198,2,0,0,0,0,0,0,1,1,0,0,0,0,0,1
3,199,1,0,0,0,0,0,0,0,1,0,0,0,0,0,1
4,199,1,0,0,0,0,0,0,0,1,0,0,0,0,0,1
5,199,1,0,0,0,0,0,0,0,1,0,0,0,0,0,1
6,197,2,1,0,1,1,0,1,1,1,1,0,0,0,0,2
7,197,3,1,0,1,0,0,0,1,2,2,0,0,0,0,2
8,196,4,2,1,1,1,1,0,2,2,2,0,0,0,0,2
9,196,4,2,1,1,0,0,0,1,3,2,0,0,0,0,2
10,195,4,2,1,1,0,0,0,1,3,2,0,0,0,0,3
11,194,6,4,1,3,2,0,2,3,3,3,0,0,0,0,3
12,193,6,5,2,3,1,1,0,3,3,2,0,1,0,1,3
13,193,6,5,2,3,0,0,0,3,3,2,0,1,0,1,3
14,193,5,5,2,3,0,0,0,2,3,2,0,2,0,2,3
15,193,5,5,2,3,0,0,0,0,5,2,0,2,0,2,3
16,193,5,5,2,3,0,0,0,0,5,3,0,2,0,2,3
17,193,5,5,2,3,0,0,0,0,5,5,0,2,0,2,3
18,191,7,7,4,3,2,2,0,2,5,5,0,2,0,2,3
19,191,6,7,4,3,0,0,0,2,4,4,0,3,0,3,3
20,191,6,7,4,3,0,0,0,2,4,4,0,3,0,3,3
21,191,6,7,4,3,0,0,0,1,5,4,0,3,0,3,3
22,191,5,7,4,3,0,0,0,0,5,3,0,4,1,3,3
23,190,6,8,4,4,1,0,1,1,5,3,1,4,1,3,3
24,189,5,8,4,4,0,0,0,1,4,3,1,5,2,3,4
25,190,3,8,4,4,0,0,0,0,3,1,1,7,2,5,4
26,189,4,9,5,4,1,1,0,1,3,1,1,7,2,5,4
27,188,5,10,5,5,1,0,1,2,3,1,2,7,2,5,4
28,187,6,11,6,5,1,1,0,2,4,1,2,7,2,5,4
29,186,6,11,6,5,0,0,0,2,4,1,2,7,2,5,5
30,187,6,11,6,5,0,0,0,1,5,2,2,7,2,5,5
31,186,6,12,6,6,1,0,1,2,4,2,1,8,3,5,5
32,185,6,13,7,6,1,1,0,2,4,2,1,9,4,5,5
33,185,6,13,7,6,0,0,0,2,4,2,1,9,4,5,5
34,185,6,13,7,6,0,0,0,1,5,3,1,9,4,5,5
35,184,6,14,7,7,1,0,1,1,5,3,0,10,4,6,5
36,184,6,14,7,7,0,0,0,1,5,4,0,10,4,6,5
37,183,7,15,7,8,1,0,1,2,5,4,1,10,4,6,5
38,183,6,15,7,8,0,0,0,1,5,3,1,11,5,6,5
39,183,6,15,7,8,0,0,0,1,5,3,1,11,5,6,5
40,183,5,15,7,8,0,0,0,0,5,3,1,12,5,7,5
41,183,5,15,7,8,0,0,0,0,5,3,1,12,5,7,5
42,182,5,16,7,9,1,0,1,1,4,3,1,13,6,7,5
43,179,8,19,8,11,3,1,2,4,4,3,1,13,6,7,5
44,178,7,19,8,11,0,0,0,4,3,2,1,14,6,8,6
45,179,6,19,8,11,0,0,0,2,4,2,0,15,7,8,6
46,178,7,20,8,12,1,0,1,1,6,2,0,15,7,8,6
47,178,7,20,8,12,0,0,0,1,6,3,1,15,7,8,6
48,178,6,20,8,12,0,0,0,0,6,4,1,16,7,9,6
49,178,6,20,8,12,0,0,0,0,6,4,1,16,7,9,6
50,177,6,21,9,12,1,1,0,1,5,4,1,17,7,10,6
51,177,6,21,9,12,0,0,0,1,5,4,1,17,7,10,6
52,175,8,23,9,14,2,0,2,3,5,4,1,17,7,10,6
53,174,9,24,9,15,1,0,1,4,5,4,1,17,7,10,6
54,174,9,24,9,15,0,0,0,1,8,4,1,17,7,10,6
55,172,9,26,10,16,2,1,1,2,7,3,0,19,8,11,6
56,170,9,28,11,17,2,1,1,4,5,3,1,21,8,13,6
57,170,9,28,11,17,0,0,0,3,6,4,1,21,8,13,6
58,170,7,28,11,17,0,0,0,3,4,2,1,22,8,14,7
59,170,8,29,12,17,1,1,0,3,5,3,1,22,8,14,7
60,170,8,29,12,17,0,0,0,1,7,3,1,22,8,14,7
61,169,8,29,12,17,0,0,0,1,7,4,1,22,8,14,8
62,170,8,29,12,17,0,0,0,0,8,6,1,22,8,14,8
63,168,10,31,13,18,2,1,1,2,8,6,1,22,8,14,8
64,167,9,32,14,18,1,1,0,3,6,5,1,24,8,16,8
65,164,10,34,15,19,2,1,1,5,5,4,1,25,8,17,9
66,164,11,35,15,20,1,0,1,4,7,4,1,25,8,17,9
67,163,11,36,16,20,1,1,0,4,7,3,1,26,9,17,9
68,160,13,38,16,22,2,0,2,6,7,5,1,26,9,17,10
69,160,13,39,16,23,1,0,1,5,8,5,1,27,9,18,10
70,159,12,40,17,23,1,1,0,4,8,3,1,29,10,19,10
71,157,14,42,17,25,2,0,2,5,9,4,2,29,10,19,10
72,156,14,43,18,25,1,1,0,4,10,6,1,30,11,19,10
73,151,18,47,19,28,4,1,3,6,12,6,2,30,11,19,11
74,151,19,48,19,29,1,0,1,7,12,8,2,30,11,19,11
75,151,19,48,19,29,0,0,0,5,14,9,3,30,11,19,11
76,151,17,48,19,29,0,0,0,2,15,7,3,32,13,19,11
77,150,17,49,20,29,1,1,0,1,16,8,3,33,13,20,11
78,148,19,51,20,31,2,0,2,3,16,10,4,33,13,20,11
79,148,16,51,20,31,0,0,0,3,13,9,4,35,14,21,12
80,148,16,52,20,32,1,0,1,3,13,8,4,36,14,22,12
81,144,19,56,22,34,4,2,2,6,13,8,3,37,14,23,12
82,141,20,59,25,34,3,3,0,7,13,7,3,39,14,25,12
83,140,19,60,26,34,1,1,0,7,12,7,2,41,15,26,12
84,140,19,60,26,34,0,0,0,5,14,8,3,41,15,26,12
85,137,20,63,28,35,3,2,1,5,15,7,3,43,16,27,12
86,135,19,65,30,35,2,2,0,5,14,6,3,46,17,29,12
87,135,17,65,30,35,0,0,0,4,13,8,2,48,17,31,12
88,135,15,65,30,35,0,0,0,2,13,7,3,48,17,31,14
89,135,16,66,31,35,1,1,0,1,15,8,3,48,17,31,15
90,134,17,68,33,35,2,2,0,3,14,8,4,49,17,32,15
91,133,18,69,33,36,1,0,1,4,14,8,6,49,17,32,15
92,133,16,69,33,36,0,0,0,4,12,7,5,51,17,34,15
93,133,15,69,33,36,0,0,0,1,14,6,5,52,17,35,15
94,132,15,70,34,36,1,1,0,1,14,6,4,53,17,36,15
95,129,15,73,34,39,3,0,3,4,11,6,4,56,20,36,15
96,129,13,73,34,39,0,0,0,3,10,6,3,58,22,36,15
97,127,14,75,34,41,2,0,2,5,9,5,3,59,23,36,15
98,127,12,75,34,41,0,0,0,4,8,5,2,61,24,37,15
99,126,11,76,34,42,1,0,1,3,8,5,0,63,26,37,15
100,125,12,77,34,43,1,0,1,2,10,6,0,63,26,37,15
101,125,12,77,34,43,0,0,0,2,10,8,0,63,26,37,15
102,125,12,77,34,43,0,0,0,1,11,9,1,63,26,37,15
103,125,9,77,34,43,0,0,0,0,9,6,1,66,28,38,15
104,122,11,80,36,44,3,2,1,3,8,6,1,67,29,38,15
105,121,12,81,36,45,1,0,1,4,8,6,2,67,29,38,15
106,120,12,82,36,46,1,0,1,4,8,5,2,68,30,38,15
107,119,13,83,37,46,1,1,0,5,8,5,2,68,30,38,15
108,117,14,85,37,48,2,0,2,4,10,5,2,69,30,39,15
109,115,14,87,38,49,2,1,1,5,9,3,2,71,30,41,15
110,115,12,87,38,49,0,0,0,5,7,4,2,73,30,43,15
111,115,12,87,38,49,0,0,0,2,10,5,2,73,30,43,15
112,114,12,88,38,50,1,0,1,3,9,4,2,74,30,44,15
113,111,13,90,40,50,2,2,0,3,10,5,3,75,30,45,16
114,112,13,90,40,50,0,0,0,3,10,5,3,75,30,45,17
115,111,14,92,40,52,2,0,2,3,11,5,4,75,30,45,18
116,108,16,95,41,54,3,1,2,5,11,4,4,76,31,45,19
117,108,17,96,41,55,1,0,1,5,12,5,5,76,31,45,19
118,107,16,97,42,55,1,1,0,5,11,5,4,78,31,47,19
119,107,15,97,42,55,0,0,0,3,12,5,4,79,31,48,19
120,106,14,97,42,55,0,0,0,1,13,5,4,79,31,48,22
121,109,11,97,42,55,0,0,0,1,10,5,3,82,32,50,22
122,109,11,97,42,55,0,0,0,0,11,7,3,82,32,50,22
123,107,12,99,44,55,2,2,0,2,10,7,2,83,32,51,22
124,106,13,100,45,55,1,1,0,3,10,8,2,83,32,51,22
125,104,13,102,45,57,2,0,2,5,8,7,1,85,33,52,22
126,102,14,104,45,59,2,0,2,6,8,6,1,86,34,52,22
127,102,13,104,45,59,0,0,0,4,9,5,1,87,34,53,22
128,101,13,105,45,60,1,0,1,4,9,5,1,88,34,54,22
129,101,11,105,45,60,0,0,0,1,10,5,1,90,34,56,22
130,101,9,105,45,60,0,0,0,0,9,4,1,92,35,57,22
131,100,10,106,46,60,1,1,0,1,9,6,2,92,35,57,22
132,98,11,108,48,60,2,2,0,3,8,6,2,93,36,57,22
133,98,10,108,48,60,0,0,0,3,7,5,2,93,36,57,24
134,99,11,109,49,60,1,1,0,3,8,5,2,93,36,57,24
135,99,11,109,49,60,0,0,0,3,8,5,2,93,36,57,24
136,98,11,110,50,60,1,1,0,2,9,5,2,94,37,57,24
137,97,11,111,50,61,1,0,1,2,9,5,1,95,38,57,24
138,96,11,112,51,61,1,1,0,2,9,6,1,96,38,58,24
139,95,9,113,51,62,1,0,1,3,6,4,1,99,38,61,24
140,95,8,113,51,62,0,0,0,1,7,3,2,100,38,62,24
141,95,8,113,51,62,0,0,0,0,8,3,2,100,38,62,24
142,95,8,113,51,62,0,0,0,0,8,4,3,100,38,62,24
143,94,9,114,51,63,1,0,1,1,8,4,4,100,38,62,24
144,94,8,114,51,63,0,0,0,1,7,3,4,101,39,62,24
145,93,8,114,51,63,0,0,0,1,7,3,4,101,39,62,25
146,93,7,115,51,64,1,0,1,1,6,1,4,103,41,62,25
147,91,7,116,51,65,1,0,1,2,5,1,3,104,42,62,26
148,92,6,116,51,65,0,0,0,2,4,2,2,105,43,62,26
149,91,7,117,52,65,1,1,0,1,6,2,2,105,43,62,26
150,91,5,117,52,65,0,0,0,1,4,1,1,107,44,63,26
151,90,5,118,53,65,1,1,0,1,4,3,0,108,44,64,26
152,90,5,118,53,65,0,0,0,1,4,3,0,108,44,64,26
153,90,5,118,53,65,0,0,0,1,4,4,0,108,44,64,26
154,90,5,118,53,65,0,0,0,1,4,4,0,108,44,64,26
155,90,5,118,53,65,0,0,0,0,5,4,0,108,44,64,26
156,90,4,118,53,65,0,0,0,0,4,3,0,109,44,65,26
157,90,4,118,53,65,0,0,0,0,4,4,0,109,44,65,26
158,90,4,118,53,65,0,0,0,0,4,4,0,109,44,65,26
159,90,2,118,53,65,0,0,0,0,2,2,0,111,44,67,26
160,90,2,118,53,65,0,0,0,0,2,2,0,111,44,67,26
161,90,1,118,53,65,0,0,0,0,1,1,0,112,45,67,26
162,90,1,118,53,65,0,0,0,0,1,1,0,112,45,67,26
163,90,1,118,53,65,0,0,0,0,1,1,0,112,45,67,26
164,90,1,118,53,65,0,0,0,0,1,1,0,112,45,67,26
165,90,0,118,53,65,0,0,0,0,0,0,0,113,46,67,26
166,90,0,118,53,65,0,0,0,0,0,0,0,113,46,67,26
167,89,0,118,53,65,0,0,0,0,0,0,0,113,46,67,27
168,90,0,118,53,65,0,0,0,0,0,0,0,113,46,67,27
169,90,0,118,53,65,0,0,0,0,0,0,0,113,46,67,27
170,90,0,118,53,65,0,0,0,0,0,0,0,113,46,67,27
171,90,0,118,53,65,0,0,0,0,0,0,0,113,46,67,27
172,90,0,118,53,65,0,0,0,0,0,0,0,113,46,67,27
173,90,0,118,53,65,0,0,0,0,0,0,0,113,46,67,27
174,90,0,118,53,65,0,0,0,0,0,0,0,113,46,67,27
175,90,0,118,53,65,0,0,0,0,0,0,0,113,46,67,27
176,90,0,118,53,65,0,0,0,0,0,0,0,113,46,67,27
177,90,0,118,53,65,0,0,0,0,0,0,0,113,46,67,27
178,90,0,118,53,65,0,0,0,0,0,0,0,113,46,67,27
179,90,0,118,53,65,0,0,0,0,0,0,0,113,46,67,27
