
Day,Susceptible,Infected,Cumulative Infected,Cumulative Infected Residents,Cumulative Infected Staff,Daily Infected,Daily Infected Residents,Daily Infected Staff,Incubating,Transmitting,Symptomatic,Asymptomatic,Recovered,Residents Recovered,Staff Recovered,Dead
0,198,1,0,0,0,0,0,0,1,0,0,0,0,0,0,1
1,198,2,0,0,0,0,0,0,2,0,0,0,0,0,0,1
2,198,2,0,0,0,0,0,0,2,0,0,0,0,0,0,1
3,198,1,0,0,0,0,0,0,0,1,0,0,0,0,0,2
4,199,0,0,0,0,0,0,0,0,0,0,0,0,0,0,3
5,200,0,0,0,0,0,0,0,0,0,0,0,0,0,0,3
6,197,3,1,1,0,1,1,0,1,2,1,1,0,0,0,3
7,196,2,1,1,0,0,0,0,1,1,0,1,0,0,0,5
8,197,3,1,1,0,0,0,0,0,3,1,1,0,0,0,5
9,195,5,3,1,2,2,0,2,2,3,1,1,0,0,0,5
10,194,6,5,2,3,2,1,1,4,2,1,1,0,0,0,5
11,195,5,5,2,3,0,0,0,3,2,1,0,0,0,0,5
12,195,5,5,2,3,0,0,0,1,4,1,0,0,0,0,5
13,190,9,8,5,3,3,3,0,3,6,2,1,1,0,1,5
14,190,9,9,5,4,1,0,1,4,5,3,1,1,0,1,5
15,187,11,12,7,5,3,2,1,6,5,3,1,1,0,1,5
16,183,15,14,8,6,2,1,1,6,9,4,2,1,0,1,5
17,184,15,15,8,7,1,0,1,5,10,4,2,1,0,1,5
18,185,14,16,8,8,1,0,1,5,9,5,2,2,1,1,5
19,185,14,16,8,8,0,0,0,2,12,8,1,2,1,1,5
20,183,15,16,8,8,0,0,0,1,14,8,2,2,1,1,5
21,182,15,17,9,8,1,1,0,2,13,11,1,3,1,2,5
22,180,14,18,10,8,1,1,0,2,12,10,1,5,2,3,6
23,179,15,20,11,9,2,1,1,4,11,9,1,6,2,4,6
24,178,15,21,11,10,1,0,1,5,10,10,0,7,2,5,6
25,176,16,23,11,12,2,0,2,5,11,9,0,8,3,5,6
26,176,14,23,11,12,0,0,0,4,10,7,0,10,4,6,6
27,171,17,28,11,17,5,0,5,6,11,7,0,12,6,6,6
28,170,18,29,11,18,1,0,1,6,12,8,0,12,6,6,6
29,169,16,30,11,19,1,0,1,6,10,7,1,15,8,7,6
30,168,16,31,12,19,1,1,0,5,11,7,1,16,8,8,6
31,166,18,33,13,20,2,1,1,4,14,7,2,16,8,8,6
32,163,20,36,16,20,3,3,0,7,13,7,3,17,8,9,6
33,160,23,39,18,21,3,2,1,9,14,9,4,17,8,9,6
34,158,25,41,20,21,2,2,0,9,16,9,4,17,8,9,6
35,155,26,44,21,23,3,1,2,8,18,8,4,19,10,9,6
36,151,29,48,24,24,4,3,1,10,19,9,4,20,11,9,6
37,147,30,52,25,27,4,1,3,12,18,10,4,23,11,12,6
38,146,30,53,25,28,1,0,1,11,19,11,4,24,11,13,6
39,143,32,56,25,31,3,0,3,9,23,12,4,25,11,14,6
40,139,34,60,28,32,4,3,1,9,25,13,3,27,11,16,6
41,139,31,60,28,32,0,0,0,8,23,14,4,30,11,19,6
42,135,35,64,30,34,4,2,2,8,27,14,8,30,11,19,6
43,129,39,70,33,37,6,3,3,12,27,13,8,31,11,20,7
44,127,39,73,35,38,3,2,1,12,27,14,8,33,13,20,8
45,124,39,77,38,39,4,3,1,13,26,13,7,37,16,21,8
46,120,41,81,39,42,4,1,3,13,28,12,9,39,18,21,8
47,117,43,84,42,42,3,3,0,13,30,14,9,40,18,22,8
48,115,42,86,44,42,2,2,0,9,33,14,10,42,19,23,9
49,114,39,88,44,44,2,0,2,5,34,12,10,46,21,25,10
50,112,38,91,45,46,3,1,2,6,32,14,10,50,22,28,10
51,106,44,97,46,51,6,1,5,10,34,18,12,50,22,28,10
52,106,40,97,46,51,0,0,0,9,31,15,13,54,22,32,10
53,106,37,97,46,51,0,0,0,5,32,13,14,56,24,32,11
54,106,36,98,46,52,1,0,1,2,34,13,13,58,25,33,11
55,104,35,100,47,53,2,1,1,3,32,13,14,61,27,34,11
56,104,31,100,47,53,0,0,0,2,29,13,14,65,28,37,11
57,104,28,100,47,53,0,0,0,1,27,13,12,68,30,38,11
58,104,22,100,47,53,0,0,0,0,22,12,8,74,34,40,11
59,103,18,101,48,53,1,1,0,1,17,9,7,79,37,42,11
60,100,19,104,51,53,3,3,0,4,15,9,6,81,38,43,11
61,99,18,105,52,53,1,1,0,4,14,8,5,83,39,44,11
62,99,17,105,52,53,0,0,0,3,14,8,4,84,39,45,11
63,97,15,107,53,54,2,1,1,4,11,7,2,88,41,47,11
64,95,13,109,54,55,2,1,1,4,9,5,1,92,41,51,11
65,95,12,109,54,55,0,0,0,3,9,4,2,93,41,52,11
66,94,12,110,55,55,1,1,0,4,8,5,2,94,41,53,11
67,91,14,113,56,57,3,1,2,5,9,6,1,95,41,54,11
68,90,14,114,56,58,1,0,1,4,10,5,1,96,42,54,11
69,90,13,114,56,58,0,0,0,2,11,6,1,96,42,54,12
70,91,13,114,56,58,0,0,0,2,11,7,2,96,42,54,12
71,90,13,115,56,59,1,0,1,1,12,7,3,97,43,54,12
72,90,12,115,56,59,0,0,0,1,11,6,3,98,44,54,12
73,90,11,115,56,59,0,0,0,1,10,7,3,99,45,54,12
74,90,10,115,56,59,0,0,0,1,9,6,3,100,46,54,12
75,87,11,118,57,61,3,1,2,3,8,4,3,101,47,54,13
76,87,12,119,57,62,1,0,1,4,8,4,3,101,47,54,13
77,87,10,119,57,62,0,0,0,1,9,3,3,103,47,56,13
78,86,10,120,57,63,1,0,1,2,8,3,2,104,48,56,13
79,86,8,120,57,63,0,0,0,2,6,2,4,106,49,57,13
80,85,9,121,58,63,1,1,0,1,8,2,4,106,49,57,13
81,84,8,122,59,63,1,1,0,2,6,1,3,108,49,59,13
82,84,8,122,59,63,0,0,0,1,7,3,3,108,49,59,13
83,83,9,123,59,64,1,0,1,1,8,3,3,108,49,59,13
84,83,9,123,59,64,0,0,0,1,8,4,3,108,49,59,13
85,82,9,124,60,64,1,1,0,2,7,4,3,109,49,60,13
86,81,10,125,61,64,1,1,0,2,8,4,3,109,49,60,13
87,81,7,125,61,64,0,0,0,1,6,4,0,112,50,62,13
88,81,7,125,61,64,0,0,0,0,7,5,0,112,50,62,13
89,79,9,127,61,66,2,0,2,2,7,6,0,112,50,62,13
90,79,7,127,61,66,0,0,0,2,5,5,0,114,50,64,13
91,79,7,127,61,66,0,0,0,2,5,5,0,114,50,64,15
92,81,6,127,61,66,0,0,0,2,4,4,0,115,51,64,15
93,81,5,127,61,66,0,0,0,0,5,3,0,116,52,64,15
94,78,8,130,63,67,3,2,1,3,5,3,0,116,52,64,15
95,78,8,130,63,67,0,0,0,3,5,4,1,116,52,64,15
96,77,7,130,63,67,0,0,0,1,6,3,1,117,52,65,16
97,78,6,130,63,67,0,0,0,1,5,2,1,118,53,65,16
98,78,5,130,63,67,0,0,0,0,5,2,2,119,54,65,16
99,77,6,131,64,67,1,1,0,1,5,2,2,119,54,65,16
100,77,6,131,64,67,0,0,0,1,5,3,2,119,54,65,16
101,76,7,132,64,68,1,0,1,2,5,3,2,119,54,65,16
102,75,8,133,65,68,1,1,0,3,5,3,2,119,54,65,16
103,73,7,135,67,68,2,2,0,4,3,1,1,121,54,67,17
104,74,6,135,67,68,0,0,0,2,4,1,0,121,54,67,18
105,75,6,135,67,68,0,0,0,0,6,1,1,121,54,67,18
106,75,5,135,67,68,0,0,0,0,5,2,1,122,54,68,18
107,75,5,135,67,68,0,0,0,0,5,4,1,122,54,68,18
108,75,5,135,67,68,0,0,0,0,5,4,1,122,54,68,18
109,74,6,136,67,69,1,0,1,1,5,4,1,122,54,68,18
110,74,6,136,67,69,0,0,0,1,5,4,1,122,54,68,18
111,73,5,136,67,69,0,0,0,0,5,3,1,122,54,68,20
112,75,5,136,67,69,0,0,0,0,5,3,1,122,54,68,20
113,74,5,137,67,70,1,0,1,1,4,4,0,123,55,68,20
114,73,3,137,67,70,0,0,0,1,2,2,0,125,56,69,22
115,75,2,137,67,70,0,0,0,0,2,1,0,126,57,69,22
116,75,2,137,67,70,0,0,0,0,2,1,0,126,57,69,22
117,75,2,137,67,70,0,0,0,0,2,1,1,126,57,69,22
118,75,2,137,67,70,0,0,0,0,2,1,1,126,57,69,22
119,75,2,137,67,70,0,0,0,0,2,1,1,126,57,69,22
120,75,2,137,67,70,0,0,0,0,2,1,1,126,57,69,22
121,75,1,137,67,70,0,0,0,0,1,0,1,127,57,70,22
122,75,1,137,67,70,0,0,0,0,1,0,1,127,57,70,22
123,75,1,137,67,70,0,0,0,0,1,0,1,127,57,70,22
124,74,2,138,68,70,1,1,0,1,1,0,1,127,57,70,22
125,74,1,138,68,70,0,0,0,1,0,0,0,128,57,71,22
126,74,1,138,68,70,0,0,0,1,0,0,0,128,57,71,22
127,74,1,138,68,70,0,0,0,0,1,0,0,128,57,71,22
128,74,1,138,68,70,0,0,0,0,1,0,0,128,57,71,22
129,74,1,138,68,70,0,0,0,0,1,1,0,128,57,71,23
130,75,1,138,68,70,0,0,0,0,1,1,0,128,57,71,23
131,75,1,138,68,70,0,0,0,0,1,1,0,128,57,71,23
132,75,1,138,68,70,0,0,0,0,1,1,0,128,57,71,23
133,75,1,138,68,70,0,0,0,0,1,1,0,128,57,71,23
134,75,1,138,68,70,0,0,0,0,1,1,0,128,57,71,23
135,74,1,138,68,70,0,0,0,0,1,1,0,128,57,71,24
136,75,1,138,68,70,0,0,0,0,1,1,0,128,57,71,24
137,74,0,138,68,70,0,0,0,0,0,0,0,129,58,71,25
138,75,0,138,68,70,0,0,0,0,0,0,0,129,58,71,26
139,76,0,138,68,70,0,0,0,0,0,0,0,129,58,71,26
140,76,0,138,68,70,0,0,0,0,0,0,0,129,58,71,26
141,76,0,138,68,70,0,0,0,0,0,0,0,129,58,71,27
142,77,0,138,68,70,0,0,0,0,0,0,0,129,58,71,28
143,78,0,138,68,70,0,0,0,0,0,0,0,129,58,71,28
144,78,0,138,68,70,0,0,0,0,0,0,0,129,58,71,28
145,78,0,138,68,70,0,0,0,0,0,0,0,129,58,71,28
146,78,0,138,68,70,0,0,0,0,0,0,0,129,58,71,28
147,78,0,138,68,70,0,0,0,0,0,0,0,129,58,71,28
148,78,0,138,68,70,0,0,0,0,0,0,0,129,58,71,28
149,78,0,138,68,70,0,0,0,0,0,0,0,129,58,71,28
150,78,0,138,68,70,0,0,0,0,0,0,0,129,58,71,28
151,78,0,138,68,70,0,0,0,0,0,0,0,129,58,71,28
152,78,0,138,68,70,0,0,0,0,0,0,0,129,58,71,28
153,78,0,138,68,70,0,0,0,0,0,0,0,129,58,71,28
154,78,0,138,68,70,0,0,0,0,0,0,0,129,58,71,28
155,78,0,138,68,70,0,0,0,0,0,0,0,129,58,71,28
156,78,0,138,68,70,0,0,0,0,0,0,0,129,58,71,28
157,78,0,138,68,70,0,0,0,0,0,0,0,129,58,71,28
158,78,0,138,68,70,0,0,0,0,0,0,0,129,58,71,28
159,78,0,138,68,70,0,0,0,0,0,0,0,129,58,71,28
160,78,0,138,68,70,0,0,0,0,0,0,0,129,58,71,28
161,78,0,138,68,70,0,0,0,0,0,0,0,129,58,71,28
162,78,0,138,68,70,0,0,0,0,0,0,0,129,58,71,28
163,78,0,138,68,70,0,0,0,0,0,0,0,129,58,71,28
164,78,0,138,68,70,0,0,0,0,0,0,0,129,58,71,28
165,78,0,138,68,70,0,0,0,0,0,0,0,129,58,71,28
166,78,0,138,68,70,0,0,0,0,0,0,0,129,58,71,28
167,77,0,138,68,70,0,0,0,0,0,0,0,129,58,71,29
168,78,0,138,68,70,0,0,0,0,0,0,0,129,58,71,29
169,78,0,138,68,70,0,0,0,0,0,0,0,129,58,71,29
170,78,0,138,68,70,0,0,0,0,0,0,0,129,58,71,29
171,77,0,138,68,70,0,0,0,0,0,0,0,129,58,71,31
172,79,0,138,68,70,0,0,0,0,0,0,0,129,58,71,31
173,79,0,138,68,70,0,0,0,0,0,0,0,129,58,71,31
174,78,0,138,68,70,0,0,0,0,0,0,0,129,58,71,32
175,79,0,138,68,70,0,0,0,0,0,0,0,129,58,71,32
176,79,0,138,68,70,0,0,0,0,0,0,0,129,58,71,32
177,79,0,138,68,70,0,0,0,0,0,0,0,129,58,71,32
178,79,0,138,68,70,0,0,0,0,0,0,0,129,58,71,32
179,79,0,138,68,70,0,0,0,0,0,0,0,129,58,71,32
