
Day,Susceptible,Infected,Cumulative Infected,Cumulative Infected Residents,Cumulative Infected Staff,Daily Infected,Daily Infected Residents,Daily Infected Staff,Incubating,Transmitting,Symptomatic,Asymptomatic,Recovered,Residents Recovered,Staff Recovered,Dead
0,199,1,0,0,0,0,0,0,1,0,0,0,0,0,0,0
1,200,0,0,0,0,0,0,0,0,0,0,0,0,0,0,0
2,200,0,0,0,0,0,0,0,0,0,0,0,0,0,0,0
3,198,2,0,0,0,0,0,0,1,1,0,0,0,0,0,0
4,198,2,1,1,0,1,1,0,1,1,0,1,0,0,0,0
5,198,1,1,1,0,0,0,0,1,0,0,0,0,0,0,1
6,196,4,2,2,0,1,1,0,2,2,1,1,0,0,0,1
7,197,3,2,2,0,0,0,0,2,1,1,0,0,0,0,1
8,198,2,2,2,0,0,0,0,0,2,0,0,0,0,0,1
9,197,3,3,2,1,1,0,1,1,2,0,0,0,0,0,1
10,195,5,4,2,2,1,0,1,1,4,3,1,0,0,0,1
11,194,6,4,2,2,0,0,0,2,4,2,1,0,0,0,1
12,194,6,6,3,3,2,1,1,3,3,2,0,0,0,0,1
13,195,4,6,3,3,0,0,0,1,3,3,0,0,0,0,1
14,195,4,6,3,3,0,0,0,0,4,2,0,1,0,1,1
15,194,6,7,3,4,1,0,1,2,4,3,0,1,0,1,1
16,191,9,9,5,4,2,2,0,3,6,4,1,1,0,1,1
17,188,10,11,5,6,2,0,2,5,5,3,1,1,0,1,1
18,186,11,13,5,8,2,0,2,4,7,4,1,3,2,1,1
19,190,8,13,5,8,0,0,0,2,6,3,1,3,2,1,1
20,188,7,13,5,8,0,0,0,0,7,2,1,3,2,1,2
21,189,8,13,5,8,0,0,0,0,8,3,2,3,2,1,2
22,190,8,13,5,8,0,0,0,0,8,6,1,3,2,1,2
23,188,9,15,6,9,2,1,1,2,7,5,2,3,2,1,2
24,185,9,15,6,9,0,0,0,2,7,5,2,4,3,1,2
25,184,9,15,6,9,0,0,0,1,8,6,1,4,3,1,2
26,188,6,15,6,9,0,0,0,2,4,4,0,4,3,1,2
27,181,14,20,9,11,5,3,2,5,9,4,3,4,3,1,2
28,177,16,20,9,11,0,0,0,7,9,4,2,6,4,2,2
29,181,11,21,9,12,1,0,1,4,7,3,1,7,4,3,2
30,180,10,21,9,12,0,0,0,4,6,3,0,9,5,4,2
31,177,10,21,9,12,0,0,0,2,8,5,0,9,5,4,2
32,176,10,21,9,12,0,0,0,1,9,5,1,9,5,4,2
33,176,12,22,9,13,1,0,1,2,10,8,0,9,5,4,4
34,177,12,23,10,13,1,1,0,1,11,8,2,9,5,4,4
35,173,15,23,10,13,0,0,0,2,13,12,0,10,5,5,4
36,178,11,24,10,14,1,0,1,2,9,8,1,10,5,5,4
37,172,16,27,11,16,3,1,2,5,11,8,1,12,6,6,4
38,169,14,28,11,17,1,0,1,5,9,7,1,13,6,7,5
39,170,11,28,11,17,0,0,0,4,7,5,1,16,8,8,5
40,171,13,29,11,18,1,0,1,3,10,6,1,17,8,9,5
41,170,10,29,11,18,0,0,0,2,8,4,0,19,9,10,5
42,167,10,30,12,18,1,1,0,2,8,3,2,19,9,10,5
43,168,13,33,14,19,3,2,1,6,7,4,2,20,9,11,5
44,164,15,33,14,19,0,0,0,5,10,6,2,21,9,12,5
45,161,15,34,14,20,1,0,1,6,9,5,2,21,9,12,5
46,162,14,34,14,20,0,0,0,3,11,4,3,21,9,12,5
47,164,13,34,14,20,0,0,0,1,12,4,2,23,10,13,5
48,163,13,36,15,21,2,1,1,2,11,6,3,24,10,14,5
49,157,16,38,17,21,2,2,0,4,12,6,5,24,10,14,5
50,158,18,42,18,24,4,1,3,7,11,7,3,26,10,16,5
51,156,16,42,18,24,0,0,0,5,11,7,2,28,11,17,5
52,153,17,44,18,26,2,0,2,4,13,7,3,28,11,17,5
53,152,18,47,20,27,3,2,1,5,13,6,4,28,11,17,5
54,145,22,51,22,29,4,2,2,8,14,9,3,29,11,18,6
55,144,23,53,23,30,2,1,1,9,14,8,4,30,11,19,6
56,142,21,54,23,31,1,0,1,6,15,6,4,33,13,20,7
57,139,22,57,24,33,3,1,2,7,15,6,3,35,14,21,8
58,137,24,60,25,35,3,1,2,9,15,9,3,36,14,22,8
59,136,25,61,25,36,1,0,1,8,17,11,3,36,14,22,8
60,134,26,63,25,38,2,0,2,4,22,10,4,37,15,22,8
61,134,25,63,25,38,0,0,0,3,22,10,5,38,16,22,8
62,130,26,67,28,39,4,3,1,6,20,12,6,41,17,24,8
63,127,27,69,29,40,2,1,1,6,21,13,5,42,18,24,9
64,125,29,72,31,41,3,2,1,8,21,12,6,43,18,25,9
65,124,29,73,32,41,1,1,0,8,21,12,7,44,18,26,9
66,121,28,76,32,44,3,0,3,6,22,10,6,48,20,28,9
67,120,26,77,32,45,1,0,1,4,22,7,7,50,22,28,10
68,118,28,80,33,47,3,1,2,7,21,9,9,51,22,29,10
69,116,27,82,35,47,2,2,0,7,20,10,8,53,23,30,11
70,116,23,83,36,47,1,1,0,6,17,7,6,58,23,35,11
71,112,26,87,39,48,4,3,1,6,20,7,7,59,24,35,11
72,111,25,87,39,48,0,0,0,6,19,8,7,60,24,36,12
73,112,22,87,39,48,0,0,0,2,20,8,8,62,24,38,13
74,112,23,88,40,48,1,1,0,2,21,8,8,62,24,38,13
75,111,23,89,40,49,1,0,1,2,21,12,7,63,24,39,13
76,107,22,93,43,50,4,3,1,5,17,11,4,68,27,41,13
77,107,20,93,43,50,0,0,0,5,15,10,4,70,29,41,13
78,105,21,95,44,51,2,1,1,6,15,10,4,70,29,41,14
79,106,19,95,44,51,0,0,0,3,16,9,3,72,29,43,14
80,106,17,95,44,51,0,0,0,2,15,8,3,74,29,45,14
81,105,14,95,44,51,0,0,0,1,13,10,1,77,30,47,15
82,103,17,98,44,54,3,0,3,3,14,10,2,77,30,47,15
83,103,13,98,44,54,0,0,0,3,10,6,3,81,33,48,15
84,103,12,98,44,54,0,0,0,1,11,6,3,82,34,48,15
85,102,12,99,45,54,1,1,0,1,11,5,3,83,35,48,15
86,102,11,99,45,54,0,0,0,1,10,5,4,84,36,48,15
87,102,11,99,45,54,0,0,0,0,11,6,4,84,36,48,15
88,101,11,100,46,54,1,1,0,1,10,6,3,85,37,48,15
89,99,10,102,47,55,2,1,1,3,7,4,3,88,39,49,15
90,98,10,103,48,55,1,1,0,4,6,4,2,89,39,50,15
91,97,9,104,48,56,1,0,1,4,5,3,1,90,40,50,16
92,98,8,104,48,56,0,0,0,1,7,2,1,91,40,51,16
93,98,8,104,48,56,0,0,0,0,8,3,1,91,40,51,16
94,96,8,106,49,57,2,1,1,2,6,5,0,93,40,53,16
95,96,7,106,49,57,0,0,0,2,5,4,1,94,40,54,16
96,95,8,107,49,58,1,0,1,2,6,4,1,94,40,54,16
97,95,8,107,49,58,0,0,0,1,7,4,1,94,40,54,16
98,94,9,108,49,59,1,0,1,2,7,5,1,94,40,54,16
99,94,9,108,49,59,0,0,0,1,8,6,1,94,40,54,16
100,94,9,108,49,59,0,0,0,0,9,6,1,94,40,54,16
101,94,8,108,49,59,0,0,0,0,8,5,2,95,41,54,16
102,94,5,108,49,59,0,0,0,0,5,3,2,98,43,55,16
103,92,6,110,50,60,2,1,1,2,4,3,1,99,43,56,16
104,92,6,110,50,60,0,0,0,2,4,3,1,99,43,56,16
105,92,6,110,50,60,0,0,0,2,4,3,1,99,43,56,16
106,90,6,111,50,61,1,0,1,3,3,2,1,100,43,57,17
107,91,5,111,50,61,0,0,0,1,4,1,1,101,44,57,17
108,91,5,111,50,61,0,0,0,1,4,1,1,101,44,57,17
109,90,5,112,51,61,1,1,0,1,4,3,0,102,44,58,17
110,90,4,112,51,61,0,0,0,1,3,2,0,103,44,59,17
111,90,4,112,51,61,0,0,0,0,4,2,1,103,44,59,17
112,90,4,112,51,61,0,0,0,0,4,2,1,103,44,59,17
113,90,4,112,51,61,0,0,0,0,4,3,1,103,44,59,17
114,90,4,112,51,61,0,0,0,0,4,3,1,103,44,59,17
115,90,4,112,51,61,0,0,0,0,4,3,1,103,44,59,17
116,89,5,113,51,62,1,0,1,1,4,3,1,103,44,59,17
117,89,3,113,51,62,0,0,0,1,2,1,1,105,45,60,17
118,89,3,113,51,62,0,0,0,1,2,1,1,105,45,60,17
119,88,3,114,51,63,1,0,1,1,2,1,0,106,45,61,17
120,87,3,114,51,63,0,0,0,1,2,1,0,106,45,61,18
121,88,2,114,51,63,0,0,0,0,2,0,1,107,46,61,18
122,88,2,114,51,63,0,0,0,0,2,0,1,107,46,61,19
123,88,3,115,51,64,1,0,1,1,2,0,2,107,46,61,19
124,87,3,115,51,64,0,0,0,1,2,0,2,107,46,61,20
125,88,3,115,51,64,0,0,0,1,2,0,2,107,46,61,20
126,88,3,115,51,64,0,0,0,1,2,0,2,107,46,61,20
127,88,3,115,51,64,0,0,0,0,3,0,2,107,46,61,20
128,87,3,115,51,64,0,0,0,0,3,0,2,107,46,61,21
129,86,4,117,53,64,2,2,0,2,2,1,1,108,46,62,21
130,86,4,117,53,64,0,0,0,2,2,1,1,108,46,62,21
131,85,4,118,54,64,1,1,0,3,1,1,0,109,46,63,21
132,85,4,118,54,64,0,0,0,1,3,1,0,109,46,63,23
133,87,4,118,54,64,0,0,0,1,3,1,0,109,46,63,23
134,86,4,118,54,64,0,0,0,0,4,1,2,109,46,63,24
135,87,4,118,54,64,0,0,0,0,4,1,2,109,46,63,24
136,87,4,118,54,64,0,0,0,0,4,2,2,109,46,63,24
137,87,3,118,54,64,0,0,0,0,3,1,2,110,46,64,24
138,87,3,118,54,64,0,0,0,0,3,1,2,110,46,64,24
139,87,3,118,54,64,0,0,0,0,3,1,2,110,46,64,25
140,88,3,118,54,64,0,0,0,0,3,1,2,110,46,64,25
141,88,3,118,54,64,0,0,0,0,3,1,2,110,46,64,25
142,88,1,118,54,64,0,0,0,0,1,1,0,112,48,64,25
143,88,1,118,54,64,0,0,0,0,1,1,0,112,48,64,25
144,88,0,118,54,64,0,0,0,0,0,0,0,113,49,64,25
145,88,0,118,54,64,0,0,0,0,0,0,0,113,49,64,25
146,88,0,118,54,64,0,0,0,0,0,0,0,113,49,64,25
147,88,0,118,54,64,0,0,0,0,0,0,0,113,49,64,25
148,88,0,118,54,64,0,0,0,0,0,0,0,113,49,64,25
149,88,0,118,54,64,0,0,0,0,0,0,0,113,49,64,26
150,89,0,118,54,64,0,0,0,0,0,0,0,113,49,64,26
151,89,0,118,54,64,0,0,0,0,0,0,0,113,49,64,26
152,89,0,118,54,64,0,0,0,0,0,0,0,113,49,64,26
153,89,0,118,54,64,0,0,0,0,0,0,0,113,49,64,26
154,89,0,118,54,64,0,0,0,0,0,0,0,113,49,64,26
155,89,0,118,54,64,0,0,0,0,0,0,0,113,49,64,26
156,89,0,118,54,64,0,0,0,0,0,0,0,113,49,64,26
157,89,0,118,54,64,0,0,0,0,0,0,0,113,49,64,26
158,89,0,118,54,64,0,0,0,0,0,0,0,113,49,64,26
159,89,0,118,54,64,0,0,0,0,0,0,0,113,49,64,26
160,89,0,118,54,64,0,0,0,0,0,0,0,113,49,64,26
161,89,0,118,54,64,0,0,0,0,0,0,0,113,49,64,26
162,89,0,118,54,64,0,0,0,0,0,0,0,113,49,64,26
163,89,0,118,54,64,0,0,0,0,0,0,0,113,49,64,26
164,89,0,118,54,64,0,0,0,0,0,0,0,113,49,64,26
165,89,0,118,54,64,0,0,0,0,0,0,0,113,49,64,26
166,89,0,118,54,64,0,0,0,0,0,0,0,113,49,64,26
167,89,0,118,54,64,0,0,0,0,0,0,0,113,49,64,26
168,89,0,118,54,64,0,0,0,0,0,0,0,113,49,64,26
169,89,0,118,54,64,0,0,0,0,0,0,0,113,49,64,26
170,89,0,118,54,64,0,0,0,0,0,0,0,113,49,64,27
171,90,0,118,54,64,0,0,0,0,0,0,0,113,49,64,27
172,90,0,118,54,64,0,0,0,0,0,0,0,113,49,64,27
173,90,0,118,54,64,0,0,0,0,0,0,0,113,49,64,27
174,90,0,118,54,64,0,0,0,0,0,0,0,113,49,64,27
175,90,0,118,54,64,0,0,0,0,0,0,0,113,49,64,27
176,90,0,118,54,64,0,0,0,0,0,0,0,113,49,64,27
177,90,0,118,54,64,0,0,0,0,0,0,0,113,49,64,27
178,90,0,118,54,64,0,0,0,0,0,0,0,113,49,64,27
179,90,0,118,54,64,0,0,0,0,0,0,0,113,49,64,27
